1,3,7,15,31,63,127,255,511,1023,2047,4095,8191,16383,32767,65535,131071,262143,524287,1048575,2097151,4194303,8388607,16777215,33554431,67108863,134217727,268435455,536870911,1073741823,2147483647,4294967295,8589934591,17179869183,34359738367,68719476735,137438953471,274877906943,549755813887,1099511627775,2199023255551,4398046511103,8796093022207,17592186044415,35184372088831,70368744177663,140737488355327,281474976710655,562949953421311,1125899906842623,2251799813685247,4503599627370495,9007199254740991,18014398509481983,36028797018963967,72057594037927935,144115188075855871,288230376151711743,576460752303423487,1152921504606846975,2305843009213693951,4611686018427387903,...First 1 zeros are omitted. 

1,3,6,13,27,54,108,217,435,870,1741,3482,6964,13929,27859,55718,111437,222874,445749,891499,1782998,3565997,7131995,14263990,28527980,57055960,114111921,228223843,456447686,912895372,1825790745,3651581491,7303162982,14606325965,29212651930,58425303861,116850607722,233701215445,467402430891,934804861782,1869609723565,3739219447130,7478438894261,14956877788522,29913755577044,59827511154089,119655022308179,239310044616359,478620089232719,957240178465438,1914480356930876,3828960713861753,7657921427723506,15315842855447013,30631685710894026,61263371421788053,122526742843576106,245053485687152213,490106971374304426,980213942748608852,1960427885497217705,3920855770994435410,7841711541988870821,...First 0 zeros are omitted. 

1,3,6,13,26,52,105,211,423,847,1694,3388,6777,13555,27110,54221,108442,216885,433770,867541,1735082,3470164,6940328,13880657,27761315,55522630,111045261,222090522,444181045,888362090,1776724180,3553448360,7106896721,14213793443,28427586887,56855173774,113710347549,227420695099,454841390198,909682780397,1819365560795,3638731121590,7277462243181,14554924486363,29109848972726,58219697945453,116439395890906,232878791781813,465757583563626,931515167127253,1863030334254506,3726060668509012,7452121337018024,14904242674036049,29808485348072099,59616970696144199,119233941392288399,238467882784576798,476935765569153596,953871531138307193,1907743062276614386,3815486124553228773,7630972249106457546,...First 2 zeros are omitted. 

1,3,6,12,24,49,99,198,397,795,1591,3182,6365,12731,25462,50924,101849,203699,407398,814797,1629594,3259188,6518376,13036753,26073507,52147014,104294029,208588058,417176117,834352235,1668704470,3337408940,6674817881,13349635762,26699271524,53398543049,106797086098,213594172196,427188344393,854376688786,1708753377572,3417506755144,6835013510288,13670027020577,27340054041154,54680108082308,109360216164617,218720432329235,437440864658470,874881729316941,1749763458633882,3499526917267764,6999053834535529,13998107669071059,27996215338142118,55992430676284237,111984861352568475,223969722705136950,447939445410273900,895878890820547800,1791757781641095601,3583515563282191203,7167031126564382407,...First 4 zeros are omitted. 

1,3,7,15,31,62,124,248,496,993,1987,3975,7950,15900,31800,63600,127201,254403,508806,1017612,2035224,4070448,8140896,16281793,32563587,65127174,130254348,260508696,521017393,1042034787,2084069575,4168139150,8336278300,16672556600,33345113201,66690226403,133380452807,266760905614,533521811228,1067043622456,2134087244913,4268174489827,8536348979654,17072697959308,34145395918616,68290791837232,136581583674465,273163167348931,546326334697862,1092652669395724,2185305338791448,4370610677582896,8741221355165793,17482442710331587,34964885420663175,69929770841326350,139859541682652701,279719083365305403,559438166730610807,1118876333461221615,2237752666922443230,4475505333844886461,8951010667689772923,...First 6 zeros are omitted. 

1,3,7,15,31,63,127,254,508,1016,2032,4064,8128,16257,32515,65031,130063,260127,520255,1040511,2081022,4162044,8324088,16648176,33296352,66592704,133185409,266370819,532741639,1065483279,2130966559,4261933119,8523866238,17047732476,34095464952,68190929904,136381859808,272763719617,545527439235,1091054878471,2182109756943,4364219513887,8728439027775,17456878055550,34913756111100,69827512222200,139655024444400,279310048888800,558620097777600,1117240195555200,2234480391110401,4468960782220803,8937921564441607,17875843128883215,35751686257766431,71503372515532862,143006745031065724,286013490062131448,572026980124262896,1144053960248525793,2288107920497051587,4576215840994103175,...First 11 zeros are omitted. 

1,3,7,15,31,63,127,255,511,1023,2047,4095,8191,16382,32764,65528,131056,262112,524224,1048448,2096896,4193792,8387584,16775168,33550336,67100673,134201347,268402695,536805391,1073610783,2147221567,4294443135,8588886271,17177772543,34355545087,68711090175,137422180350,274844360700,549688721400,1099377442800,2198754885600,4397509771200,8795019542400,17590039084800,35180078169600,70360156339200,140720312678400,281440625356800,562881250713601,1125762501427203,2251525002854407,4503050005708815,9006100011417631,18012200022835263,36024400045670527,72048800091341055,144097600182682111,288195200365364223,576390400730728446,1152780801461456892,2305561602922913784,4611123205845827568,...First 18 zeros are omitted. 

1,3,7,15,31,63,127,255,511,1023,2047,4095,8191,16383,32767,65535,131071,262143,524287,1048575,2097151,4194303,8388607,16777214,33554428,67108856,134217712,268435424,536870848,1073741696,2147483392,4294966784,8589933568,17179867136,34359734272,68719468544,137438937088,274877874176,549755748352,1099511496704,2199022993408,4398045986816,8796091973632,17592183947264,35184367894528,70368735789057,140737471578115,281474943156231,562949886312463,1125899772624927,2251799545249855,4503599090499711,9007198180999423,18014396361998847,36028792723997695,72057585447995391,144115170895990783,288230341791981567,576460683583963135,1152921367167926271,2305842734335852543,4611685468671705087,...First 31 zeros are omitted. 

1,3,7,15,31,63,127,255,511,1023,2047,4095,8191,16383,32767,65535,131071,262143,524287,1048575,2097151,4194303,8388607,16777215,33554431,67108863,134217727,268435455,536870911,1073741823,2147483647,4294967295,8589934591,17179869183,34359738367,68719476735,137438953471,274877906943,549755813887,1099511627775,2199023255551,4398046511103,8796093022207,17592186044414,35184372088828,70368744177656,140737488355312,281474976710624,562949953421248,1125899906842496,2251799813684992,4503599627369984,9007199254739968,18014398509479936,36028797018959872,72057594037919744,144115188075839488,288230376151678976,576460752303357952,1152921504606715904,2305843009213431808,4611686018426863616,...First 54 zeros are omitted. 

1,3,7,15,31,63,127,255,511,1023,2047,4095,8191,16383,32767,65535,131071,262143,524287,1048575,2097151,4194303,8388607,16777215,33554431,67108863,134217727,268435455,536870911,1073741823,2147483647,4294967295,8589934591,17179869183,34359738367,68719476735,137438953471,274877906943,549755813887,1099511627775,2199023255551,4398046511103,8796093022207,17592186044415,35184372088831,70368744177663,140737488355327,281474976710655,562949953421311,1125899906842623,2251799813685247,4503599627370495,9007199254740991,18014398509481983,36028797018963967,72057594037927935,144115188075855871,288230376151711743,576460752303423487,1152921504606846975,2305843009213693951,4611686018427387903,...First 97 zeros are omitted. 

1,3,7,15,31,63,127,255,511,1023,2047,4095,8191,16383,32767,65535,131071,262143,524287,1048575,2097151,4194303,8388607,16777215,33554431,67108863,134217727,268435455,536870911,1073741823,2147483647,4294967295,8589934591,17179869183,34359738367,68719476735,137438953471,274877906943,549755813887,1099511627775,2199023255551,4398046511103,8796093022207,17592186044415,35184372088831,70368744177663,140737488355327,281474976710655,562949953421311,1125899906842623,2251799813685247,4503599627370495,9007199254740991,18014398509481983,36028797018963967,72057594037927935,144115188075855871,288230376151711743,576460752303423487,1152921504606846975,2305843009213693951,4611686018427387903,...First 172 zeros are omitted. 

1,3,7,15,31,63,127,255,511,1023,2047,4095,8191,16383,32767,65535,131071,262143,524287,1048575,2097151,4194303,8388607,16777215,33554431,67108863,134217727,268435455,536870911,1073741823,2147483647,4294967295,8589934591,17179869183,34359738367,68719476735,137438953471,274877906943,549755813887,1099511627775,2199023255551,4398046511103,8796093022207,17592186044415,35184372088831,70368744177663,140737488355327,281474976710655,562949953421311,1125899906842623,2251799813685247,4503599627370495,9007199254740991,18014398509481983,36028797018963967,72057594037927935,144115188075855871,288230376151711743,576460752303423487,1152921504606846975,2305843009213693951,4611686018427387903,...First 309 zeros are omitted. 

1,3,7,15,31,63,127,255,511,1023,2047,4095,8191,16383,32767,65535,131071,262143,524287,1048575,2097151,4194303,8388607,16777215,33554431,67108863,134217727,268435455,536870911,1073741823,2147483647,4294967295,8589934591,17179869183,34359738367,68719476735,137438953471,274877906943,549755813887,1099511627775,2199023255551,4398046511103,8796093022207,17592186044415,35184372088831,70368744177663,140737488355327,281474976710655,562949953421311,1125899906842623,2251799813685247,4503599627370495,9007199254740991,18014398509481983,36028797018963967,72057594037927935,144115188075855871,288230376151711743,576460752303423487,1152921504606846975,2305843009213693951,4611686018427387903,...First 564 zeros are omitted. 

1,3,7,15,31,63,127,255,511,1023,2047,4095,8191,16383,32767,65535,131071,262143,524287,1048575,2097151,4194303,8388607,16777215,33554431,67108863,134217727,268435455,536870911,1073741823,2147483647,4294967295,8589934591,17179869183,34359738367,68719476735,137438953471,274877906943,549755813887,1099511627775,2199023255551,4398046511103,8796093022207,17592186044415,35184372088831,70368744177663,140737488355327,281474976710655,562949953421311,1125899906842623,2251799813685247,4503599627370495,9007199254740991,18014398509481983,36028797018963967,72057594037927935,144115188075855871,288230376151711743,576460752303423487,1152921504606846975,2305843009213693951,4611686018427387903,...First 1028 zeros are omitted. 

1,3,7,15,31,63,127,255,511,1023,2047,4095,8191,16383,32767,65535,131071,262143,524287,1048575,2097151,4194303,8388607,16777215,33554431,67108863,134217727,268435455,536870911,1073741823,2147483647,4294967295,8589934591,17179869183,34359738367,68719476735,137438953471,274877906943,549755813887,1099511627775,2199023255551,4398046511103,8796093022207,17592186044415,35184372088831,70368744177663,140737488355327,281474976710655,562949953421311,1125899906842623,2251799813685247,4503599627370495,9007199254740991,18014398509481983,36028797018963967,72057594037927935,144115188075855871,288230376151711743,576460752303423487,1152921504606846975,2305843009213693951,4611686018427387903,...First 1900 zeros are omitted. 

1,3,7,15,31,63,127,255,511,1023,2047,4095,8191,16383,32767,65535,131071,262143,524287,1048575,2097151,4194303,8388607,16777215,33554431,67108863,134217727,268435455,536870911,1073741823,2147483647,4294967295,8589934591,17179869183,34359738367,68719476735,137438953471,274877906943,549755813887,1099511627775,2199023255551,4398046511103,8796093022207,17592186044415,35184372088831,70368744177663,140737488355327,281474976710655,562949953421311,1125899906842623,2251799813685247,4503599627370495,9007199254740991,18014398509481983,36028797018963967,72057594037927935,144115188075855871,288230376151711743,576460752303423487,1152921504606846975,2305843009213693951,4611686018427387903,...First 3512 zeros are omitted. 

1,3,7,15,31,63,127,255,511,1023,2047,4095,8191,16383,32767,65535,131071,262143,524287,1048575,2097151,4194303,8388607,16777215,33554431,67108863,134217727,268435455,536870911,1073741823,2147483647,4294967295,8589934591,17179869183,34359738367,68719476735,137438953471,274877906943,549755813887,1099511627775,2199023255551,4398046511103,8796093022207,17592186044415,35184372088831,70368744177663,140737488355327,281474976710655,562949953421311,1125899906842623,2251799813685247,4503599627370495,9007199254740991,18014398509481983,36028797018963967,72057594037927935,144115188075855871,288230376151711743,576460752303423487,1152921504606846975,2305843009213693951,4611686018427387903,...First 6542 zeros are omitted. 

1,3,7,15,31,63,127,255,511,1023,2047,4095,8191,16383,32767,65535,131071,262143,524287,1048575,2097151,4194303,8388607,16777215,33554431,67108863,134217727,268435455,536870911,1073741823,2147483647,4294967295,8589934591,17179869183,34359738367,68719476735,137438953471,274877906943,549755813887,1099511627775,2199023255551,4398046511103,8796093022207,17592186044415,35184372088831,70368744177663,140737488355327,281474976710655,562949953421311,1125899906842623,2251799813685247,4503599627370495,9007199254740991,18014398509481983,36028797018963967,72057594037927935,144115188075855871,288230376151711743,576460752303423487,1152921504606846975,2305843009213693951,4611686018427387903,...First 12251 zeros are omitted. 

1,3,7,15,31,63,127,255,511,1023,2047,4095,8191,16383,32767,65535,131071,262143,524287,1048575,2097151,4194303,8388607,16777215,33554431,67108863,134217727,268435455,536870911,1073741823,2147483647,4294967295,8589934591,17179869183,34359738367,68719476735,137438953471,274877906943,549755813887,1099511627775,2199023255551,4398046511103,8796093022207,17592186044415,35184372088831,70368744177663,140737488355327,281474976710655,562949953421311,1125899906842623,2251799813685247,4503599627370495,9007199254740991,18014398509481983,36028797018963967,72057594037927935,144115188075855871,288230376151711743,576460752303423487,1152921504606846975,2305843009213693951,4611686018427387903,...First 23000 zeros are omitted. 

1,3,7,15,31,63,127,255,511,1023,2047,4095,8191,16383,32767,65535,131071,262143,524287,1048575,2097151,4194303,8388607,16777215,33554431,67108863,134217727,268435455,536870911,1073741823,2147483647,4294967295,8589934591,17179869183,34359738367,68719476735,137438953471,274877906943,549755813887,1099511627775,2199023255551,4398046511103,8796093022207,17592186044415,35184372088831,70368744177663,140737488355327,281474976710655,562949953421311,1125899906842623,2251799813685247,4503599627370495,9007199254740991,18014398509481983,36028797018963967,72057594037927935,144115188075855871,288230376151711743,576460752303423487,1152921504606846975,2305843009213693951,4611686018427387903,...First 43390 zeros are omitted. 

1,3,7,15,31,63,127,255,511,1023,2047,4095,8191,16383,32767,65535,131071,262143,524287,1048575,2097151,4194303,8388607,16777215,33554431,67108863,134217727,268435455,536870911,1073741823,2147483647,4294967295,8589934591,17179869183,34359738367,68719476735,137438953471,274877906943,549755813887,1099511627775,2199023255551,4398046511103,8796093022207,17592186044415,35184372088831,70368744177663,140737488355327,281474976710655,562949953421311,1125899906842623,2251799813685247,4503599627370495,9007199254740991,18014398509481983,36028797018963967,72057594037927935,144115188075855871,288230376151711743,576460752303423487,1152921504606846975,2305843009213693951,4611686018427387903,...First 82025 zeros are omitted. 

1,3,7,15,31,63,127,255,511,1023,2047,4095,8191,16383,32767,65535,131071,262143,524287,1048575,2097151,4194303,8388607,16777215,33554431,67108863,134217727,268435455,536870911,1073741823,2147483647,4294967295,8589934591,17179869183,34359738367,68719476735,137438953471,274877906943,549755813887,1099511627775,2199023255551,4398046511103,8796093022207,17592186044415,35184372088831,70368744177663,140737488355327,281474976710655,562949953421311,1125899906842623,2251799813685247,4503599627370495,9007199254740991,18014398509481983,36028797018963967,72057594037927935,144115188075855871,288230376151711743,576460752303423487,1152921504606846975,2305843009213693951,4611686018427387903,...First 155611 zeros are omitted. 

1,3,7,15,31,63,127,255,511,1023,2047,4095,8191,16383,32767,65535,131071,262143,524287,1048575,2097151,4194303,8388607,16777215,33554431,67108863,134217727,268435455,536870911,1073741823,2147483647,4294967295,8589934591,17179869183,34359738367,68719476735,137438953471,274877906943,549755813887,1099511627775,2199023255551,4398046511103,8796093022207,17592186044415,35184372088831,70368744177663,140737488355327,281474976710655,562949953421311,1125899906842623,2251799813685247,4503599627370495,9007199254740991,18014398509481983,36028797018963967,72057594037927935,144115188075855871,288230376151711743,576460752303423487,1152921504606846975,2305843009213693951,4611686018427387903,...First 295947 zeros are omitted. 

